 -5161
 -6125
 7915
 6024
 2274
 -5055
 -959
 -1214
 18
 5660
 7859
 1850
 -1046
 4900
 483
 -7909
 -5157
 -1456
 -6380
 -7247
 -5215
 286
 -7475
 634
 -6967
 -6847
 -4247
 4377
 -3650
 -3283
 5942
 1662
 -994
 1811
 -4819
 2414
 -5140
 648
 1480
 6869
 -3100
 -6390
 5271
 -7311
 -3831
 -5029
 2619
 -2362
 7743
 7086
 6172
 -5370
 -4638
 -5458
 -4733
 430
 -3977
 397
 -1945
 7361
 1074
 3936
 -4673
 -2958
 3388
 -4732
 4224
 -7506
 -4684
 -2597
 -2256
 5207
 -2382
 -2798
 -637
 2117
 4276
 -3238
 3394
 4536
 2021
 2216
 -4213
 5826
 4178
 -5848
 4384
 3140
 2523
 -4571
 4809
 6896
 1576
 7483
 4986
 -2778
 -5978
 -2344
 -1364
 4587
 1434
 -5435
 462
 1710
 6393
 2285
 6657
 -3235
 -4686
 -5718
 -5945
 -6948
 2976
 -4634
 7591
 6449
 -7381
 1821
 5438
 5446
 6186
 -4200
 5340
 -1567
 -857
 -2247
 -6684
 3523
 3408
 1017
 250
 -7883
 3671
 -4339
 2548
 -4985
 3893
 2745
 3337
 -2244
 7683
 -7072
 2499
 -4560
 1093
 3487
 1205
 -6189
 -6388
 -4187
 3470
 -2686
 -5288
 510
 -805
 -7702
 -5917
 5245
 1793
 6265
 -6387
 7150
 -7720
 2594
 -1739
 2883
 -1205
 -4444
 1057
 5135
 -7816
 107
 -6297
 3364
 -377
 3702
 776
 4733
 -5162
 -4404
 325
 -3595
 -6021
 -325
 7840
 -7593
 1946
 -2743
 -1716
 7550
 6144
 3390
 6259
 -7498
 -7494
 6157
 6118
 3174
 -2916
 7684
 -1790
 4501
 7752
 -4099
 -6350
 7047
 -2774
 5915
 860
 6297
 1645
 -2599
 3598
 -4637
 1203
 -6526
 -7057
 -4904
 -6300
 3464
 -1741
 -2287
 7230
 -2897
 1331
 -3887
 -990
 7223
 7433
 2142
 1456
 -1201
 -1620
 -1965
 -4919
 1280
 -5272
 -5034
 -464
 -3818
 -4842
 1966
 -6741
 -7141
 -2020
 -7831
 -5600
 -3465
 6440
 -5629
 -4072
 -5008
 6810
 5858
 850
 -4186
 -252
 -7177
 -5069
 6139
 550
 -3198
 -7190
 3665
 7674
 -3117
 1501
 -7633
 -338
 3736
 1414
 -4436
 -4854
 -147
 2338
 -6868
 6633
 -3144
 -5650
 1234
 -5791
 -350
 -2644
 3489
 3919
 5995
 6015
 -6624
 -1608
 -6897
 1863
 -6810
 -2699
 -6325
 573
 -6561
 7385
 -3942
 7783
 5535
 -6257
 4093
 -3149
 -6953
 -5125
 -5470
 5007
 5041
 3051
 3513
 3490
 6941
 5747
 2484
 -6717
 2993
 -5651
 -6949
 3230
 284
 -4957
 -6843
 -4566
 -7561
 -1050
 2868
 -7362
 -2392
 -7019
 6170
 -1385
 177
 -6829
 7495
 -2498
 -2267
 -2722
 7343
 -4318
 -6110
 -7851
 5559
 -15
 -4206
 2861
 5640
 3865
 5890
 3712
 -6614
 6286
 3622
 -4998
 -1558
 1332
 632
 3509
 -6506
 4161
 7734
 1657
 5139
 -5812
 -1858
 6574
 -917
 -2388
 565
 3943
 1211
 -4145
 528
 -213
 -5218
 -5663
 3846
 -3519
 -6207
 6731
 6618
 -5612
 2724
 2989
 -6771
 4337
 6115
 6553
 -7807
 -3377
 -5255
 5657
 -5768
 978
 4117
 -5411
 7543
 1760
 7611
 5646
 6735
 -6439
 4081
 4784
 -1759
 1553
 -5078
 444
 -3197
 7924
 6866
 6884
 -7792
 4773
 -7395
 -5699
 -6928
 6972
 -3089
 -3097
 6182
 3647
 1155
 7435
 5348
 -5660
 7
 881
 758
 -86
 -7601
 5515
 3557
 3609
 4374
 3420
 -2007
 7671
 5612
 -1605
 3229
 4401
 -7258
 -6105
 -4568
 -5516
 -863
 -4858
 -4176
 -5490
 -3285
 3406
 -1699
 4289
 -1430
 3012
 -2288
 3186
 -5202
 -3449
 -6796
 -6146
 1439
 -7259
 4504
 6491
 -7903
 -501
 5752
 3370
 5644
 3740
 6190
 1566
 7603
 -4376
 5513
 -2885
 4395
 -5409
 3798
 -7044
 -6613
 3319
 -1079
 7025
 1035
 -6102
 -6982
 937
 5706
 -3469
 -284
 -3058
 -2875
 4971
 -801
 7922
 -2356
 -2062
 -2689
 -2056
 -199
 -7366
 -6850
 -3868
 -1115
 6812
 3979
 -5220
 1664
 6726
 6169
 -7900
 7963
 6394
 -3417
 827
 -1465
 3750
 5070
 -5811
 -1039
 6472
 988
 -3375
 3216
 -3206
 -3568
 -6237
 -1647
 -550
 2984
 -1425
 -7869
 6392
 4711
 -2246
 -7234
 7143
 4682
 -3262
 -2401
 1056
 2043
 2075
 -1356
 5703
 5060
 2047
 469
 -2398
 -6220
 -527
 -2725
 626
 -4932
 -6169
 -5276
 -3554
 -5264
 -367
 1969
 -7964
 -4580
 6370
 7839
 -1342
 6680
 6346
 -2973
 5037
 -2123
 -2895
 833
 7614
 -18
 6452
 -5680
 -1553
 -1494
 -7892
 1213
 1110
 4358
 -2270
 7657
 -7942
 -7740
 412
 -5212
 -5586
 -7134
 -6462
 -1961
 3411
 2575
 -2355
 -7115
 4061
 5197
 -5727
 -2766
 -7746
 7428
 -6487
 -7841
 1045
 -1863
 3897
 -7902
 -1850
 -1235
 -7613
 -5507
 2052
 -5760
 1996
 -7714
 -4527
 -6492
 4516
 369
 6085
 -698
 -249
 -1403
 3931
 -2293
 4820
 4333
 -3166
 7912
 6578
 -2092
 -3008
 -6975
 -5445
 -3764
 6944
 7616
 -6275
 2392
 787
 -6891
 6969
 -5960
 -7291
 6915
 3146
 -3424
 -5177
 -6659
 5708
 -3889
 -6172
 -3507
 -281
 -7383
 -1157
 -233
 -5884
 3714
 -1812
 -3050
 6058
 360
 6246
 7630
 -6427
 1770
 1236
 5431
 3573
 2670
 -6623
 6650
 514
 4198
 381
 -2140
 -7995
 2964
 -981
 -3287
 -6522
 702
 -700
 160
 4468
 -2150
 -1171
 1562
 3651
 2629
 7540
 3858
 -5827
 -3334
 -6718
 -5025
 -7644
 6923
 -6551
 -662
 3220
 3333
 -6322
 815
 -5815
 -7074
 -7428
 6137
 -5075
 -1828
 2454
 -5919
 2180
 2431
 2866
 6324
 -6973
 -1014
 -1791
 963
 4195
 1607
 7823
 1769
 -2026
 -424
 7204
 -4366
 1914
 3224
 -1368
 802
 5391
 -1533
 -4240
 6818
 6575
 2462
 -7612
 -877
 -1575
 -2349
 3259
 7667
 -7023
 -4970
 1845
 -375
 -4440
 -4097
 2208
 63
 1907
 1449
 2228
 327
 6674
 7362
 -7449
 -1796
 -5616
 638
 -450
 -4121
 7834
 -618
 -7529
 6639
 -1918
 -7536
 4367
 3693
 -5414
 -1207
 -3753
 4868
 -4559
 6482
 -7711
 2626
 -6122
 -5429
 -2922
 -2019
 6647
 -5693
 -1879
 2874
 4813
 7406
 6340
 1167
 -3349
 -7446
 -3429
 749
 -3799
 2806
 3738
 -2302
 -732
 1648
 6859
 1794
 3547
 5281
 -4813
 1912
 -2008
 7163
 3881
 -2098
 178
 -2046
 3030
 -5994
 -5173
 4672
 -4613
 -6595
 -685
 -3989
 -6367
 -5216
 -756
 5505
 -3680
 2434
 2799
 3261
 6756
 -3278
 -6520
 1199
 -7592
 -676
 -4767
 -2373
 -449
 2998
 -4221
 -1290
 3774
 -423
 -1441
 7515
 2215
 6868
 -1229
 -673
 1123
 6091
 -6481
 -4611
 -3801
 -3385
 2949
 -3434
 2627
 1078
 2817
 6677
 3876
 2694
 -7489
 2352
 -1360
 -4123
 456
 -2612
 -2648
 -4299
 -4387
 3166
 -4445
 -2041
 562
 7418
 3373
 1289
 -3256
 2369
 -4675
 5910
 -3107
 782
 6614
 2422
 384
 -1472
 5840
 2191
 4338
 -5840
 -808
 13
 4158
 158
 3998
 -4991
 -6516
 2303
 -4992
 3314
 1189
 3782
 -633
 -1981
 -4049
 -2926
 -5930
 -2797
 -4747
 -3890
 2452
 -5894
 -6869
 1097
 -4484
 5887
 -2024
 -3934
 350
 5690
 -1289
 7043
 -1402
 -7973
 5044
 4045
 -2981
 -2580
 7408
 -54
 -1487
 -1529
 2313
 -5186
 6608
 -4216
 -5575
 7953
 -6281
 -5226
 6409
 1725
 -1400
 -6403
 5651
 4048
 4329
 6672
 3857
 -4199
 -4790
 -4447
 388
 -3824
 -1382
 -3127
 6132
 -5231
 4860
 3129
 7929
 5787
 -1660
 -3382
 4052
 -2552
 -4591
 4981
 -4426
 472
 2654
 2356
 1938
 -5726
 -3483
 -5079
 3081
 -3129
 2451
 -3047
 -7829
 2486
 -7474
 -1202
 -180
 -1338
 5579
 6377
 -1541
 -4544
 -553
 -1096
