 -5161
 -6125
 7915
 6024
 2274
 -5055
 -959
 -1214
 18
 5660
 7859
 1850
 -1046
 4900
 483
 -7909
 -5157
 -1456
 -6380
 -7247
 -5215
 286
 -7475
 634
 -6967
 -6847
 -4247
 4377
 -3650
 -3283
 5942
 1662
 -994
 1811
 -4819
 2414
 -5140
 648
 1480
 6869
 -3100
 -6390
 5271
 -7311
 -3831
 -5029
 2619
 -2362
 7743
 7086
 6172
 -5370
 -4638
 -5458
 -4733
 430
 -3977
 397
 -1945
 7361
 1074
 3936
 -4673
 -2958
 3388
 -4732
 4224
 -7506
 -4684
 -2597
 -2256
 5207
 -2382
 -2798
 -637
 2117
 4276
 -3238
 3394
 4536
 2021
 2216
 -4213
 5826
 4178
 -5848
 4384
 3140
 2523
 -4571
 4809
 6896
 1576
 7483
 4986
 -2778
 -5978
 -2344
 -1364
 4587
 1434
 -5435
 462
 1710
 6393
 2285
 6657
 -3235
 -4686
 -5718
 -5945
 -6948
 2976
 -4634
 7591
 6449
 -7381
 1821
 5438
 5446
 6186
 -4200
 5340
 -1567
 -857
 -2247
 -6684
 3523
 3408
 1017
 250
 -7883
 3671
 -4339
 2548
 -4985
 3893
 2745
 3337
 -2244
 7683
 -7072
 2499
 -4560
 1093
 3487
 1205
 -6189
 -6388
 -4187
 3470
 -2686
 -5288
 510
 -805
 -7702
 -5917
 5245
 1793
 6265
 -6387
 7150
 -7720
 2594
 -1739
 2883
 -1205
 -4444
 1057
 5135
 -7816
 107
 -6297
 3364
 -377
 3702
 776
 4733
 -5162
 -4404
 325
 -3595
 -6021
 -325
 7840
 -7593
 1946
 -2743
 -1716
 7550
 6144
 3390
 6259
 -7498
 -7494
 6157
 6118
 3174
 -2916
 7684
 -1790
 4501
 7752
 -4099
 -6350
 7047
 -2774
 5915
 860
 6297
 1645
 -2599
 3598
 -4637
 1203
 -6526
 -7057
 -4904
 -6300
 3464
 -1741
 -2287
 7230
 -2897
 1331
 -3887
 -990
 7223
 7433
 2142
 1456
 -1201
 -1620
 -1965
 -4919
 1280
 -5272
 -5034
 -464
 -3818
 -4842
 1966
 -6741
 -7141
 -2020
 -7831
 -5600
 -3465
 6440
 -5629
 -4072
 -5008
 6810
 5858
 850
 -4186
 -252
 -7177
 -5069
 6139
 550
 -3198
 -7190
 3665
 7674
 -3117
 1501
 -7633
 -338
 3736
 1414
 -4436
 -4854
 -147
 2338
 -6868
 6633
 -3144
 -5650
 1234
 -5791
 -350
 -2644
 3489
 3919
 5995
 6015
 -6624
 -1608
 -6897
 1863
 -6810
 -2699
 -6325
 573
 -6561
 7385
 -3942
 7783
 5535
 -6257
 4093
 -3149
 -6953
 -5125
 -5470
 5007
 5041
 3051
 3513
 3490
 6941
 5747
 2484
 -6717
 2993
 -5651
 -6949
 3230
 284
 -4957
 -6843
 -4566
 -7561
 -1050
 2868
 -7362
 -2392
 -7019
 6170
 -1385
 177
 -6829
 7495
 -2498
 -2267
 -2722
 7343
 -4318
 -6110
 -7851
 5559
 -15
 -4206
 2861
 5640
 3865
 5890
 3712
 -6614
 6286
 3622
 -4998
 -1558
 1332
 632
 3509
 -6506
 4161
 7734
 1657
 5139
 -5812
 -1858
 6574
 -917
 -2388
 565
 3943
 1211
 -4145
 528
 -213
 -5218
 -5663
 3846
 -3519
 -6207
 6731
 6618
 -5612
 2724
 2989
 -6771
 4337
 6115
 6553
 -7807
 -3377
 -5255
 5657
 -5768
 978
 4117
 -5411
 7543
 1760
 7611
 5646
 6735
 -6439
 4081
 4784
 -1759
 1553
 -5078
 444
 -3197
 7924
 6866
 6884
 -7792
 4773
 -7395
 -5699
 -6928
 6972
 -3089
 -3097
 6182
 3647
 1155
 7435
 5348
 -5660
 7
 881
 758
 -86
 -7601
 5515
 3557
 3609
 4374
 3420
 -2007
 7671
 5612
 -1605
 3229
 4401
 -7258
 -6105
 -4568
 -5516
 -863
 -4858
 -4176
 -5490
 -3285
 3406
 -1699
 4289
 -1430
 3012
 -2288
 3186
 -5202
 -3449
 -6796
 -6146
 1439
 -7259
 4504
 6491
 -7903
 -501
 5752
 3370
 5644
 3740
 6190
 1566
 7603
 -4376
 5513
 -2885
 4395
 -5409
 3798
 -7044
 -6613
 3319
 -1079
 7025
 1035
 -6102
 -6982
 937
 5706
 -3469
 -284
 -3058
 -2875
 4971
 -801
 7922
 -2356
 -2062
 -2689
 -2056
 -199
 -7366
 -6850
 -3868
 -1115
 6812
 3979
 -5220
 1664
 6726
 6169
 -7900
 7963
 6394
 -3417
 827
 -1465
 3750
 5070
 -5811
 -1039
 6472
 988
 -3375
 3216
 -3206
 -3568
 -6237
 -1647
 -550
 2984
 -1425
 -7869
 6392
 4711
 -2246
 -7234
 7143
 4682
 -3262
 -2401
 1056
 2043
 2075
 -1356
 5703
 5060
 2047
 469
 -2398
 -6220
 -527
 -2725
 626
 -4932
 -6169
 -5276
 -3554
 -5264
 -367
 1969
 -7964
 -4580
 6370
 7839
 -1342
 6680
 6346
 -2973
 5037
 -2123
 -2895
 833
 7614
 -18
 6452
 -5680
 -1553
 -1494
 -7892
 1213
 1110
 4358
 -2270
 7657
 -7942
 -7740
 412
 -5212
 -5586
 -7134
 -6462
 -1961
 3411
 2575
 -2355
 -7115
 4061
 5197
 -5727
 -2766
 -7746
 7428
 -6487
 -7841
 1045
 -1863
 3897
 -7902
 -1850
 -1235
 -7613
 -5507
 2052
 -5760
 1996
 -7714
 -4527
 -6492
 4516
 369
 6085
 -698
 -249
 -1403
 3931
 -2293
 4820
 4333
 -3166
 7912
 6578
 -2092
 -3008
 -6975
 -5445
 -3764
 6944
 7616
 -6275
 2392
 787
 -6891
 6969
 -5960
 -7291
 6915
 3146
 -3424
 -5177
 -6659
 5708
 -3889
 -6172
 -3507
 -281
 -7383
 -1157
 -233
 -5884
 3714
 -1812
 -3050
 6058
 360
 6246
 7630
 -6427
 1770
 1236
 5431
 3573
 2670
 -6623
 6650
 514
 4198
 381
 -2140
 -7995
 2964
 -981
 -3287
 -6522
 702
 -700
 160
 4468
 -2150
 -1171
 1562
 3651
 2629
 7540
 3858
 -5827
 -3334
 -6718
 -5025
 -7644
 6923
 -6551
 -662
 3220
 3333
 -6322
 815
 -5815
 -7074
 -7428
 6137
 -5075
 -1828
 2454
 -5919
 2180
 2431
 2866
 6324
 -6973
 -1014
 -1791
 963
 4195
 1607
 7823
 1769
 -2026
 -424
 7204
 -4366
 1914
 3224
 -1368
 802
 5391
 -1533
 -4240
 6818
 6575
 2462
 -7612
 -877
 -1575
 -2349
 3259
 7667
 -7023
 -4970
 1845
 -375
 -4440
 -4097
 2208
 63
 1907
 1449
 2228
 327
 6674
 7362
 -7449
 -1796
 -5616
 638
 -450
 -4121
 7834
 -618
 -7529
 6639
 -1918
 -7536
 4367
 3693
 -5414
 -1207
 -3753
 4868
 -4559
 6482
 -7711
 2626
 -6122
 -5429
 -2922
 -2019
 6647
 -5693
 -1879
 2874
 4813
 7406
 6340
 1167
 -3349
 -7446
 -3429
 749
 -3799
 2806
 3738
 -2302
 -732
 1648
 6859
 1794
 3547
 5281
 -4813
 1912
 -2008
 7163
 3881
 -2098
 178
 -2046
 3030
 -5994
 -5173
 4672
 -4613
 -6595
 -685
 -3989
 -6367
 -5216
 -756
 5505
 -3680
 2434
 2799
 3261
 6756
 -3278
 -6520
 1199
 -7592
 -676
 -4767
 -2373
 -449
 2998
 -4221
 -1290
 3774
 -423
 -1441
 7515
 2215
 6868
 -1229
 -673
 1123
 6091
 -6481
 -4611
 -3801
 -3385
 2949
 -3434
 2627
 1078
 2817
 6677
 3876
 2694
 -7489
 2352
 -1360
 -4123
 456
 -2612
 -2648
 -4299
 -4387
 3166
 -4445
 -2041
 562
 7418
 3373
 1289
 -3256
 2369
 -4675
 5910
 -3107
 782
 6614
 2422
 384
 -1472
 5840
 2191
 4338
 -5840
 -808
 13
 4158
 158
 3998
 -4991
 -6516
 2303
 -4992
 3314
 1189
 3782
 -633
 -1981
 -4049
 -2926
 -5930
 -2797
 -4747
 -3890
 2452
 -5894
 -6869
 1097
 -4484
 5887
 -2024
 -3934
 350
 5690
 -1289
 7043
 -1402
 -7973
 5044
 4045
 -2981
 -2580
 7408
 -54
 -1487
 -1529
 2313
 -5186
 6608
 -4216
 -5575
 7953
 -6281
 -5226
 6409
 1725
 -1400
 -6403
 5651
 4048
 4329
 6672
 3857
 -4199
 -4790
 -4447
 388
 -3824
 -1382
 -3127
 6132
 -5231
 4860
 3129
 7929
 5787
 -1660
 -3382
 4052
 -2552
 -4591
 4981
 -4426
 472
 2654
 2356
 1938
 -5726
 -3483
 -5079
 3081
 -3129
 2451
 -3047
 -7829
 2486
 -7474
 -1202
 -180
 -1338
 5579
 6377
 -1541
 -4544
 -553
 -1096
 3250
 -5040
 -6229
 -5032
 -5806
 2635
 -7274
 5315
 -1369
 1758
 -6205
 -3062
 -1260
 -7858
 -5966
 1235
 -4990
 -5363
 5447
 -6819
 4738
 3114
 3926
 -7368
 -2939
 -205
 -547
 -513
 1159
 7799
 6401
 -6335
 -736
 6404
 -2947
 -5879
 3992
 3703
 -6317
 -744
 -5133
 3720
 -6320
 3641
 -2715
 -2553
 5898
 7801
 -918
 2005
 -419
 -107
 5938
 1806
 -7075
 486
 2016
 -3814
 -1552
 1037
 3226
 -2211
 -1187
 -5738
 -5961
 -2409
 3753
 4488
 -3800
 4999
 -7676
 -4869
 -2084
 -1840
 -3335
 -6098
 2738
 7531
 -1189
 971
 -7375
 -2255
 2475
 1220
 -388
 -3833
 1883
 7145
 -2924
 5622
 159
 5332
 -505
 4834
 6920
 -703
 -61
 -3418
 -7279
 2190
 5916
 1992
 4322
 -1328
 -985
 6537
 6282
 -4011
 6152
 7802
 3347
 -1060
 3966
 2718
 6699
 4848
 387
 -6292
 -806
 3668
 -1933
 6855
 4745
 2623
 -3474
 -3461
 1103
 534
 -2505
 2177
 7423
 -4600
 -5349
 -6725
 7098
 -2161
 3479
 -3644
 -4230
 4136
 4222
 1261
 840
 -2937
 -3310
 -1709
 -5817
 3743
 -1433
 319
 -6585
 5342
 1361
 -14
 4774
 2929
 4708
 -4345
 -3789
 -4083
 6215
 -2481
 5596
 -5102
 4577
 2577
 -4651
 4185
 -5423
 -4105
 243
 5923
 -6248
 3737
 -3041
 3581
 6797
 -4710
 -7687
 -4627
 -6100
 -219
 816
 5162
 -6012
 2343
 1665
 -856
 -529
 -815
 5501
 -5574
 7089
 -1277
 1596
 -1052
 3930
 -2304
 4518
 3080
 -6103
 -2096
 -2523
 6439
 -4274
 -2094
 2837
 -1316
 5610
 -6124
 -16
 4352
 3558
 -6940
 1020
 -3681
 1182
 7149
 7200
 1088
 -5675
 -3567
 -1071
 -7570
 -4193
 -3922
 2829
 3309
 -6550
 -3143
 -1818
 -3199
 -3518
 6398
 -3024
 4498
 -7281
 -1664
 -7110
 -4873
 -4978
 5099
 4033
 5550
 9
 2693
 3397
 -3547
 4788
 -7100
 608
 3185
 761
 -4837
 1426
 5592
 -3074
 -2824
 4913
 -1203
 -2322
 -5973
 -321
 -7414
 1169
 2348
 5756
 5125
 294
 3733
 7820
 -5659
 -2412
 -4524
 4871
 1156
 -1330
 1819
 -3839
 724
 -6183
 245
 5019
 -1936
 -7817
 1563
 3991
 -7805
 4193
 -485
 -3064
 -1930
 1564
 -6330
 -4760
 1405
 1082
 -4412
 -310
 -2919
 -2575
 2375
 -3035
 5283
 3674
 -4929
 5812
 3632
 7468
 -5582
 -4397
 -3232
 6722
 3559
 7710
 -1359
 1463
 -1204
 -116
 7353
 4965
 3446
 -2472
 -3363
 826
 -4824
 2430
 1561
 -432
 2151
 7040
 -897
 -7776
 6071
 -7778
 7962
 -3398
 2124
 7448
 -373
 7106
 -3745
 -5181
 7628
 -3741
 -5850
 -72
 -5060
 -7610
 4487
 -3156
 169
 870
 -3249
 7226
 2099
 -2353
 -1900
 -5932
 5788
 -792
 -7369
 2620
 -6586
 6054
 -6065
 4934
 -5512
 -1992
 2608
 -6470
 -2158
 -5550
 -379
 1070
 -280
 3567
 -7245
 4609
 -2539
 -6271
 7659
 3939
 7111
 2271
 -4987
 1838
 2681
 -4965
 3360
 4465
 6076
 -7822
 -268
 -5842
 3905
 -6814
 -4126
 -1655
 -1748
 5873
 -1635
 4028
 5018
 -728
 6979
 5404
 4317
 -1893
 4674
 5301
 -1898
 -6476
 -2428
 3473
 -6907
 7677
 -941
 2892
 7437
 1926
 -3897
 -4999
 -6956
 4685
 2735
 6572
 -1689
 -2036
 -2576
 4393
 -3180
 7921
 -6418
 -7410
 -292
 -2386
 -5392
 5392
 181
 5210
 -2312
 -6185
 -6568
 5833
 6782
 -5400
 -4127
 76
 -2164
 5850
 1627
 -2731
 -5927
 -2259
 -5701
 4386
 2741
 5082
 1479
 6224
 1682
 -1301
 6754
 -4748
 -1514
 -2853
 -1003
 -1223
 1551
 -5749
 -6849
 -5214
 7001
 -2260
 4856
 -3852
 7108
 6560
 -5131
 -3665
 715
 -7879
 4478
 -2406
 2562
 6827
 -4759
 7896
 -7167
 4385
 4425
 -7302
 3193
 2495
 24
 149
 -7845
 -1920
 2869
 -5306
 2175
 -5219
 -5441
 4005
 1029
 5842
 -5892
 -5051
 -6284
 -556
 7726
 -4389
 3040
 2109
 -7451
 -1997
 -2792
 4535
 -1434
 -7920
 -5615
 -5769
 -2210
 -7735
 -2364
 2722
 -5494
 -3695
 5163
 -5641
 1889
 -2996
 -98
 -2927
 -6346
 -3305
 2380
 -2850
 3165
 -5252
 -1975
 -2486
 -7277
 -2132
 3171
 2751
 2614
 3023
 1068
 -5599
 11
 5211
 -7619
 -3806
 -1584
 -4261
 4815
 7707
 -4378
 -957
 -7955
 -3007
 -6686
 6771
 -518
 -7118
 4979
 877
 6161
 -1766
 -3662
 -5171
 2848
 -739
 1146
 -123
 1495
 -862
 4671
 4602
 3276
 2235
 -7209
 2222
 6348
 348
 -262
 3627
 6311
 2354
 -7950
 6176
 4824
 -2276
 -4342
 431
 6966
 6371
 7082
 2203
 -849
 2835
 6267
 -7862
 7405
 -4348
 570
 -4285
 -3869
 -1862
 -943
 5388
 6980
 3760
 -158
 -5421
 5353
 -3323
 6464
 -6630
 -6638
 -200
 7672
 6908
 4591
 5266
 -3019
 552
 -6700
 -2175
 -1752
 -2923
 7347
 4931
 -4984
 -5110
 -4369
 -6272
 7121
 1857
 1216
 4697
 -6892
 -2159
 -3462
 1972
 -4884
 -6130
 2940
 5260
 6767
 6743
 -438
 -5546
 -1685
 -4150
 -6523
 7020
 2407
 -6440
 -4775
 1467
 7513
 7886
 -1127
 -4997
 5912
 -2726
 5378
 -4332
 7173
 1989
 -5005
 3269
 538
 -6688
 -669
 1688
 927
 6195
 -6396
 -7986
 401
 6291
 -7666
 6057
 2546
 5655
 -4592
 5692
 -4434
 -4370
 6766
 768
 2864
 -4773
 -2430
 1244
 7379
 2696
 3821
 -6154
 2230
 -3023
 -2596
 4101
 -5451
 -1178
 -2910
 -3679
 5860
 2469
 1737
 5208
 301
 732
 -7452
 -7653
 -621
 -6233
 1212
 -1513
 3757
 6075
 5444
 -5802
 -5678
 6928
 395
 6758
 -3154
 -6036
 318
 3131
 5144
 -6263
 -5072
 6097
 -6656
 2444
 6616
 -6353
 -1270
 4073
 -2986
 -5359
 7509
 6905
 -7269
 -3348
 -1128
 4477
 3683
 -6999
 4394
 5825
 2789
 3028
 4039
 3744
 1609
 201
 4077
 2079
 -1063
 -4678
 1023
 -4950
 861
 5407
 2710
 5062
 4647
 5548
 6405
 5058
 6934
 1310
 6251
 989
 6168
 -5460
 -5278
 6695
 -536
 -264
 -3964
 2304
 278
 -2121
 -7982
 -4160
 -4977
 -7059
 2983
 -7146
 1468
 5128
 5877
 -1184
 7698
 738
 1253
 6403
 2435
 6299
 -1831
 4086
 -3118
 -5337
 1833
 5906
 1200
 2150
 1168
 4654
 -6701
 3684
 7087
 -4652
 7411
 -226
 5811
 -2269
 -1528
 339
 3289
 -3510
 -2145
 7866
 7252
 -2297
 1588
 -1805
 6529
 4740
 -7806
 -7940
 5491
 6806
 680
 59
 5582
 -5888
 1534
 3241
 7334
 -6287
 -5145
 -648
 5461
 5709
 2192
 866
 -6712
 -1538
 4097
 -7821
 5987
 5291
 5001
 -7777
 -6579
 -5382
 -2794
 1474
 6960
 2959
 -5914
 266
 -2869
 -3095
 2004
 -3880
 6526
 1137
 2768
 1262
 1891
 5738
 -3952
 2605
 7085
 -456
 2599
 7519
 7305
 5829
 4794
 -4619
 2059
 1585
 3472
 3461
 5865
 -1106
 -3394
 6264
 -6168
 -2858
 3071
 3771
 7352
 5297
 5754
 -3324
 4747
 926
 -684
 6663
 5594
 5453
 -7111
 -4051
 2104
 4915
 1145
 -6187
 -3631
 5867
 1437
 -7165
 2827
 7703
 7146
 2675
 2986
 2982
 753
 -4401
 -5165
 -1489
 -3582
 2578
 -6273
 -2685
 6396
 7174
 2849
 5220
 -6474
 -303
 4461
 2264
 -6134
 -7070
 7424
 -7284
 -5967
 -2890
 3576
 4966
 7170
 5415
 -4112
 4946
 -4875
 -7098
 4657
 -6045
 310
 1905
 6070
 -3048
 2108
 -4335
 -3762
 -2702
 -3103
 -1617
 6092
 -6846
 -1439
 -4386
 -6077
 2973
 3152
 -3858
 5094
 -6059
 -1730
 -6497
 -1865
 -6797
 -7047
 7542
 7907
 4967
 -1084
 652
 2485
 -7925
 1570
 -3187
 2882
 3076
 -6111
 -7606
 1638
 -2765
 5483
 5249
 -7030
 -1976
 -3093
 6153
 5152
 2144
 7088
 -6200
 -1221
 4041
 -4975
 -1018
 -2235
 3429
 -1006
 4056
 4390
 -1641
 7696
 6787
 1241
 3964
 -2508
 3369
 -4576
 1396
 -6626
 -7948
 1115
 2922
 3911
 -575
 -1093
 7286
 -5549
 -2238
 -255
 -4937
 -6934
 -2308
 7655
 1814
 2574
 1411
 -5449
 7762
 7245
 6891
 -5558
 2512
 -3396
 -2254
 5601
 3903
 4411
 -1808
 4310
 -2598
 5611
 -3374
 -390
 -4117
 -7678
 -7016
 7453
 -5360
 -1022
 -777
 1749
 6460
 1798
 -139
 4924
 5251
 -6853
 -6969
 -1177
 -7138
 3754
 4513
 3200
 4036
 -5364
 1921
 6609
 -3565
 -4085
 5063
 7607
 3244
 -4425
 5368
 -3244
 3481
 -2415
 -3268
 -3386
 -5469
 -6129
 513
 1816
 3011
 -1634
 -4506
 6194
 5658
 -4539
 6570
 -260
 -3573
 7355
 -5275
 1776
 -7357
 -828
 543
 5254
 5355
 7140
 2066
 7906
 -7236
 -3689
 848
 -5753
 6424
 3854
 6596
 -2191
 -2295
 -4832
 -4096
 -5450
 6681
 5809
 7774
 -1304
 3797
 -2181
 -2995
 -695
 -6236
 2520
 354
 4199
 7390
 -2557
 -451
 1391
 2524
 -600
 -5227
 4634
 -6116
 -7664
 4943
 -6692
 3822
 551
 4188
 1787
 -1656
 -2683
 6746
 -742
 -1254
 6448
 936
 -335
 2106
 -3694
 1171
 6486
 -3085
 7945
 2202
 314
 -4423
 -1619
 7999
 2413
 -6792
 2913
 6567
 -2956
 5659
 -4377
 -5814
 4496
 7341
 1572
 6021
 -3341
 1027
 -2265
 6112
 -4750
 -1982
 1991
 6708
 3218
 5732
 -577
 4494
 -6276
 2490
 7035
 -6060
 7301
 -1015
 -2886
 2220
 3057
 5552
 -7390
 -2102
 -5280
 -563
 -6745
 6328
 2704
 -4263
 -1444
 5
 5922
 -4650
 -4265
 6605
 -7223
 -4644
 -4902
 7837
 -6092
 -3216
 -7504
 1111
 -2621
 7465
 720
 6666
 1824
 -2784
 4850
 1355
 -1892
 3852
 -44
 -7352
 2187
 -1638
 4707
 1240
 3988
 4440
 324
 42
 -4364
 2997
 -4596
 -6314
 -31
 -891
 4074
 -6857
 -3865
 -5743
 -7048
 821
 -7846
 20
 -4008
 3235
 5038
 -3043
 -635
 6319
 -2602
 1775
 1673
 -7056
 1340
 4007
 5470
 3298
 -1775
 -2292
 7454
 -3520
 4189
 1305
 -7668
 -3458
 -825
 5393
 5244
 2894
 4790
 5798
 4006
 -793
 -6821
 5454
 1378
 -1931
 3806
 -6917
 -21
 -7697
 3729
 -5688
 4926
 -2831
 3377
 723
 1990
 -3192
 6514
 -2518
 -1713
 1733
 -2563
 6292
 6274
 -5818
 6840
 3363
 -2609
 -7497
 4596
 -4124
 1540
 -4676
 -6545
 6764
 -1390
 -6171
 7371
 -7517
 6939
 -34
 1124
 -7624
 1780
 3056
 3941
 5269
 5108
 -7299
 -4182
 7157
 6898
 3582
 -3408
 6740
 7534
 122
 3961
 -3184
 2061
 7340
 -4851
 6668
 -3253
 -5174
 -2004
 -5310
 2744
 7518
 -393
 -5889
 -4954
 3159
 -6393
 -6784
 -3217
 3485
 3516
 -6776
 6089
 -2980
 6025
 -2494
 -1417
 -4789
 7930
 5064
 4261
 -587
 -7751
 3059
 -4241
 -4372
 -6565
 1521
 4311
 1624
 -1948
 -6392
 1450
 6620
 -1353
 2645
 -7188
 6802
 1278
 4901
 595
 2046
 2093
 4128
 987
 2358
 5381
 4852
 7338
 -7768
 3642
 -7765
 6253
 1307
 1658
 4457
 -5637
 7188
 766
 2363
 -893
 3659
 -1097
 1252
 -7597
 653
 6522
 6549
 -466
 1050
 5073
 -4392
 -1219
 -2783
 -2985
 221
 -5128
 -6859
 3649
 385
 5763
 -495
 -564
 3148
 -1335
 6480
 271
 6990
 4639
 7890
 -5333
 1387
 -1875
 -2214
 -4914
 6009
 -6070
 -3444
 -595
 3391
 -2350
 -1718
 2331
 5555
 5430
 -4830
 -5921
 -2936
 3067
 -3716
 -895
 5723
 -3195
 -3823
 5056
 6808
 1071
 7099
 -1004
 7862
 -7444
 -1744
 -6270
 -6114
 -3945
 -6468
 -5873
 405
 -6042
 4990
 904
 -2649
 5371
 -7152
 1385
 -3924
 2534
 -4063
 2199
 5031
 3032
 382
 -7634
 -3690
 -2375
 -4996
 -327
 1221
 -43
 -624
 5772
 6652
 3531
 -1469
 -2118
 5437
 -3455
 2570
 970
 7853
 7239
 7587
 -3230
 -251
 -1607
 3228
 -3966
 -7797
 -4547
 -4811
 3906
 3800
 3016
 2022
 -2763
 4104
 -911
 5950
 -5045
 6049
 2906
 1716
 5544
 557
 -3985
 -4503
 -5779
 1388
 -4442
 -1367
 4318
 6069
 5469
 -3792
 -295
 -4443
 2736
 3127
 -7283
 -3150
 2703
 4886
 -30
 5201
 7959
 3577
 6916
 -3454
 6061
 7265
 4085
 6318
 3440
 3300
 6985
 4364
 -5632
 -1800
 4525
 -7635
 3452
 7075
 3844
 5344
 -4900
 5933
 3274
 4847
 -3293
 3223
 6523
 3769
 547
 -5865
 -4624
 -1307
 2195
 2854
 269
 491
 -151
 -6326
 -2975
 -7615
 -4269
 7572
 -7808
 6662
 516
 -4156
 -7795
 7201
 2716
 1421
 6303
 2979
 -6842
 -7665
 179
 -1940
 5300
 6817
 -749
 7195
 6427
 -539
 7775
 2772
 1364
 1458
 511
 -2891
 -3392
 7885
 869
 -4260
 4648
 -5810
 5472
 -1841
 995
 -7389
 4502
 4435
 -2549
 -4470
 -7140
 7697
 1009
 3086
 -454
 302
 -3044
 124
 -7424
 6863
 -5664
 -2299
 5362
 -1497
 -6517
 -6755
 -3428
 6389
 -7300
 -480
 7141
 273
 -7261
 1808
 7421
 3122
 -7911
 -7790
 5468
 -4642
 5678
 -7076
 -1426
 -1857
 -4038
 -869
 -5104
 6727
 5664
 -7949
 -2131
 -2313
 -6553
 -1250
 6199
 -3308
 -4238
 6148
 5737
 7487
 -3602
 3914
 -5317
 -7257
 336
 3762
 -4762
 -7477
 2646
 6760
 -3190
 -1561
 7809
 -5640
 -209
 -4287
 420
 -6043
 6929
 -7231
 -7287
 30
 6930
 -7604
 -453
 -4373
 4917
 1681
 -2671
 2362
 2483
 -1610
 1683
 -5322
 2903
 -3516
 6694
 -5294
 7847
 4169
 -2874
 121
 -7542
 7209
 1935
 -7260
 6952
 -7318
 -5203
 -6232
 -980
 -7468
 7835
 -1380
 4106
 6406
 144
 -758
 -7713
 -7467
 3765
 -2133
 -5828
 -6030
 1513
 2639
 -6936
 4726
 -4590
 -7253
 555
 3597
 3448
 548
 -2035
 -3949
 -520
 5052
 -2189
 1104
 -3290
 4000
 -3362
 643
 5014
 -3734
 6242
 7300
 -789
 -165
 -7560
 6040
 3718
 -3094
 5761
 -1475
 -3328
 5061
 239
 -7857
 4433
 3378
 -6267
 -2197
 -5175
 -4321
 1481
 6515
 4597
 7402
 -6324
 4229
 -6878
 7556
 7800
 -6414
 -174
 -4273
 -459
 727
 -2399
 6010
 79
 6114
 7264
 2691
 -5739
 981
 1395
 2651
 -1101
 -1806
 -3295
 -6090
 4691
 1927
 2747
 3155
 4752
 1661
 7725
 5716
 7973
 -5059
 6987
 -3480
 3628
 -6806
 -3372
 -4578
 -7382
 -2990
 -7518
 -5713
 -7351
 -6695
 -4487
 4348
 3565
 -7447
 5157
 6383
 7617
 -5108
 1727
 -7041
 2507
 999
 -4469
 -3193
 -7699
 -4149
 3747
 3365
 -7704
 -2130
 -6698
 -7285
 -4517
 574
 1643
 7165
 6343
 5475
 -4418
 -2705
 7989
 -1977
 -2823
 7192
 1694
 -4541
 -7951
 6290
 -7374
 394
 4294
 467
 4541
 7037
 367
 4805
 -2187
 -1661
 -7354
 -1455
 -7248
 -2839
 5609
 6216
 7366
 5013
 -127
 -2279
 2678
 -1117
 -757
 3004
 -6067
 -5705
 3019
 3402
 -5021
 -7985
 -3965
 -4771
 495
 -511
 3316
 2873
 4771
 -3987
 -6399
 -4502
 4914
 -3265
 7916
 7241
 143
 5253
 3561
 -5703
 -6828
 -7267
 -212
 -901
 4336
 -3687
 -6051
 2168
 -5721
 -3998
 4396
 6950
 2819
 3527
 -4692
 -6895
 -1091
 1560
 -7663
 5638
 -5545
 3053
 6588
 -3312
 -2097
 -4659
 -6583
 952
 -3670
 -2828
 -5790
 -5852
 3708
 -6259
 -5759
 234
 2502
 -833
 -3030
 3093
 -443
 5224
 3937
 2050
 -3504
 763
 1455
 4144
 4554
 6106
 -4982
 1708
 2931
 -2193
 760
 -2266
 -3776
 6260
 -3708
 -1631
 6327
 7019
 -4060
 -2676
 -2446
 1522
 3350
 -7600
 3143
 6418
 -5291
 -6364
 7139
 4233
 4627
 5140
 5432
 -591
 2321
 4107
 6399
 1217
 3525
 6734
 -202
 5599
 -1371
 2252
 838
 -7866
 135
 5531
 2487
 3325
 3770
 5411
 3615
 3871
 366
 -6224
 -4363
 -7733
 -3572
 -7715
 3623
 4869
 -240
 4265
 4436
 157
 2923
 -1292
 3371
 -2899
 1033
 4586
 -3299
 -4485
 422
 -5475
 -1909
 -1967
 -7156
 6556
 5637
 -4417
 -4725
 6123
 -6924
 -6778
 852
 2690
 -2652
 -7113
 5242
 -3029
 -7349
 5520
 1841
 2488
 -6752
 2914
 -1242
 661
 -3336
 -1560
 7638
 -7133
 2963
 1557
 4620
 -4108
 -3878
 -5745
 6635
 7711
 -3490
 -1051
 -6148
 -7657
 6241
 4282
 -6222
 -672
 4936
 654
 -6716
 -4958
 -2420
 3007
 -4664
 -6061
 5330
 2517
 -3498
 -4726
 5992
 -1613
 -4867
 -4729
 1514
 -5869
 -6479
 -1783
 7718
 6179
 -1913
 3109
 5623
 4578
 1707
 -1973
 -552
 -2499
 -5342
 2135
 -4920
 -1956
 -1633
 5457
 7740
 3544
 -1158
 -3530
 4681
 3722
 1
 -4409
 -4739
 -5246
 5839
 -5566
 -3866
 6445
 6924
 1894
 -7421
 2372
 -3410
 -4313
 7073
 4715
 -6088
 -1324
 -5897
 -3550
 -7068
 5748
 -1549
 -5970
 969
 -4565
 -2480
 3497
 -1957
 -5123
 -5823
 -1531
 3695
 -6288
 -5071
 -557
 5306
 2624
 1887
 1810
 3879
 -5420
 -3976
 -170
 7806
 -730
 3222
 -716
 -6596
 -3364
 3569
 1614
 1470
 2298
 3877
 -2771
 -1224
 2598
 7067
 2097
 3921
 -3441
 1731
 -5189
 1239
 -6818
 -1672
 6330
 6017
 -4845
 -282
 7551
 -4498
 -5479
 -2345
 -1815
 -6880
 -2962
 -5655
 785
 -4082
 -1447
 7493
 -7158
 -5622
 -7265
 2840
 -544
 4927
 6072
 -3101
 -2340
 3339
 -4343
 -864
 3002
 -1077
 -6555
 6236
 -993
 2683
 5541
 5904
 7182
 -7926
 -5023
 2945
 -4379
 6676
 -3598
 -5959
 7637
 -1814
 7496
 1580
 3947
 -6650
 4562
 -6374
 -6147
 -3697
 2089
 -4437
 3351
 -1033
 -2789
 -3159
 5358
 1442
 2641
 7287
 -4629
 5524
 3078
 640
 -36
 -3571
 6749
 -5742
 -6321
 3697
 -4876
 -285
 7796
 7275
 7016
 -3863
 7901
 5857
 -989
 3572
 233
 136
 -6140
 -7201
 5620
 -6327
 -2119
 -4433
 1799
 4699
 -3607
 -2838
 5783
 -1193
 6946
 6498
 -1955
 6992
 -1386
 2933
 4689
 6036
 5560
 -4886
 -5568
 -3850
 -3275
 4211
 -5988
 7196
 -2500
 4470
 3398
 7388
 4082
 -5183
 -4243
 -7716
 -3116
 3243
 3273
 4242
 6077
 805
 3804
 -5100
 4156
 -7780
 2268
 4042
 -403
 -4776
 -7974
 3060
 -6437
 1185
 6039
 4899
 -6289
 3065
 539
 -5038
 193
 4623
 636
 -7844
 4286
 1791
 4449
 2764
 7950
 958
 5386
 -455
 3213
 -7843
 -7915
 1374
 6532
 3120
 -5881
 1941
 -3861
 -1599
 -4298
 4598
 2474
 503
 3713
 -1373
 -3186
 1860
 7115
 -881
 4641
 2204
 -2289
 -1521
 641
 4391
 -2305
 -3316
 -1896
 -5228
 -708
 4778
 5639
 -3994
 6129
 -5951
 3254
 -7202
 -7009
 -3622
 -5431
 5425
 7544
 1112
 -5981
 -4774
 -7433
 1135
 -6064
 3925
 -195
 -4270
 7256
 -569
 2610
 443
 4204
 -6884
 -5081
 2167
 -6358
 -2739
 -5351
 7620
 -5399
 7582
 7094
 6737
 2283
 -3201
 609
 -6685
 5843
 -3992
 -173
 -1436
 -1711
 1265
 -4146
 -6593
 3361
 -2914
 5086
 -6302
 -7155
 2161
 810
 -3885
 -3497
 2293
 2275
 2489
 7313
 -3562
 4293
 -2758
 -3369
 2587
 3631
 7458
 -2087
 -5925
 -5514
 -6923
 2027
 5961
 1823
 7311
 -7511
 7521
 -841
 7812
 -5924
 3471
 -5929
 3458
 -5042
 6832
 7235
 -6217
 2542
 -5396
 -1153
 -4972
 -7122
 -1392
 5460
 1524
 -2601
 -3051
 -4195
 -678
 -2179
 -2870
 2440
 -5098
 -4563
 -3796
 4253
 7431
 -47
 818
 -2520
 -5063
 1087
 -629
 -3606
 4467
 6967
 2292
 7152
 -7514
 7650
 -3744
 -4405
 -3223
 -7594
 3183
 -5883
 -699
 6530
 4254
 414
 -5152
 -4375
 -1762
 2595
 3673
 5047
 -5472
 7955
 3035
 -7384
 -4741
 1781
 -1991
 -7712
 3745
 1409
 4105
 -3793
 -2156
 1454
 2719
 5311
 -1834
 2525
 308
 4997
 -6941
 1130
 -308
 -5870
 631
 6352
 -6071
 1040
 4147
 4785
 -7406
 -3788
 -11
 -1197
 775
 1214
 5418
 -6313
 -6190
 -6858
 742
 -2970
 5821
 7489
 -3755
 -2271
 391
 7699
 -7987
 -5899
 -2341
 5561
 7413
 -3862
 6342
 2711
 -2459
 4462
 5440
 6597
 -1298
 -3267
 767
 -6591
 -1325
 4828
 3072
 -7787
 -625
 6130
 -3915
 -6621
 7858
 -5987
 -5136
 -5233
 -4959
 -7584
 3778
 -100
 3233
 -4180
 4207
 -6774
 -7961
 7704
 2295
 -4645
 -5662
 7887
 7222
 4376
 7982
 -3292
 3896
 -5554
 5822
 -7334
 1623
 -2556
 6697
 -5750
 -2468
 4669
 -729
 -1949
 -193
 6145
 -5709
 1436
 1594
 -7239
 4765
 -1451
 7224
 4645
 4830
 5127
 -3972
 -3512
 -4818
 1362
 4326
 3938
 4110
 -5210
 -6180
 5957
 5255
 3090
 -4586
 1134
 -1578
 -4393
 2881
 1757
 -649
 -4808
 7821
 719
 -7441
 1709
 2091
 3767
 -5247
 -448
 5223
 162
 -3729
 -4856
 1703
 3267
 -5922
 -4164
 -6854
 3530
 105
 -822
 690
 5498
 55
 862
 3604
 7863
 3434
 -5195
 7498
 7855
 428
 4892
 -2064
 3663
 2952
 1410
 2803
 7933
 -7928
 -5509
 -7405
 -7220
 -7910
 6683
 4878
 3050
 6535
 3210
 5276
 635
 1711
 -1990
 -1637
 -3161
 -5871
 664
 863
 -7370
 5032
 -4488
 4280
 4862
 2759
 2960
 4210
 -4940
 -7367
 2448
 808
 -1069
 -971
 -4505
 1004
 -1041
 7072
 -5803
 -3787
 2311
 -1917
 1813
 5530
 2412
 -3995
 1987
 4064
 1696
 3976
 -6162
 7266
 -5856
 398
 -5495
 -5405
 1899
 3383
 4526
 5149
 6184
 -3742
 -6044
 90
 5689
 -7532
 1745
 -5387
 -7150
 6068
 -3451
 1848
 2072
 -2329
 -2033
 6799
 6232
 -1341
 -2316
 2845
 -7819
 1372
 6042
 5230
 -6889
 5280
 7808
 -129
 2123
 -2876
 1379
 -2258
 -4245
 6333
 2590
 4500
 -1675
 1416
 6661
 -2770
 -5677
 5828
 -2456
 -1458
 -1923
 -6328
 7210
 3257
 -4492
 6931
 5991
 482
 -4964
 -6354
 6283
 -5625
 7172
 -6480
 5226
 -3881
 920
 2714
 237
 -6594
 -95
 3699
 7902
 -7071
 -2503
 -2812
 6828
 2037
 -886
 5168
 6853
 6484
 6197
 -7275
 -2863
 -7213
 4692
 113
 7384
 740
 2169
 6079
 6193
 -785
 786
 1404
 3480
 -3032
 -5041
 -7850
 66
 7220
 -1663
 1228
 -2250
 3912
 -6345
 -913
 -818
 -6538
 -3415
 5159
 -5993
 -3593
 -5526
 512
 3837
 1350
 -7931
 4522
 1197
 -2475
 -1995
 -3685
 1129
 3172
 -7830
 7779
 317
 5366
 -7372
 -6456
 -572
 -6997
 -6303
 2700
 1099
 7761
 4140
 -3599
 6116
 -5447
 -3611
 4452
 -1859
 -4201
 7232
 -3905
 -2688
 -465
 1730
 -5740
 -3400
 1251
 -4098
 6830
 3445
 5493
 -1384
 -1274
 -3026
 1669
 5257
 2795
 -6113
 1578
 6976
 1488
 7065
 -4360
 6060
 4644
 272
 -62
 6095
 -5804
 3791
 5025
 5941
 -412
 -369
 -6740
 3870
 104
 -5017
 1844
 6890
 7116
 6431
 686
 -5465
 -217
 4542
 -6813
 5790
 5463
 2636
 1779
 -894
 -3919
 1532
 3187
 4071
 1352
 -2348
 4295
 7272
 274
 5131
 2934
 -5585
 728
 7151
 5008
 6023
 -4572
 -4258
 1639
 7529
 -1318
 -7965
 -171
 -6537
 4109
 322
 437
 5217
 190
 -4481
 -4542
 -4814
 -5785
 3503
 2063
 -6737
 -4309
 -5571
 704
 -5583
 289
 2116
 -4564
 7077
 4723
 -4077
 597
 7320
 6636
 1881
 -5933
 6607
 -574
 5694
 -5614
 -4388
 -1707
 3662
 4173
 -4971
 3707
 1633
 -2972
 553
 -6628
 -7694
 -1319
 -2396
 -1550
 2105
 7741
 -5444
 7830
 799
 -499
 -4683
 2120
 3739
 -3926
 -6402
 -7470
 -6223
 -7937
 6628
 589
 6531
 -88
 7401
 -366
 -3594
 170
 5198
 -6804
 -1409
 -5552
 -3983
 5580
 -945
 6026
 -1285
 -735
 -4901
 -2044
 7105
 -694
 5744
 -7575
 1590
 -2710
 -49
 -5763
 5526
 -7139
 -4282
 6420
 -7238
 4464
 -5117
 7324
 -6871
 -7774
 -4831
 -1910
 7870
 -3911
 1042
 -6128
 -4208
 -4522
 -6552
 -7479
 6336
 -6227
 -1042
 3097
 6308
 -5156
 6314
 5808
 -1061
 -3482
 1063
 6499
 -5920
 -4264
 -4888
 -4730
 6252
 6580
 1621
 -3233
 -4948
 -3147
 5191
 7231
 1901
 -106
 -4143
 -5277
 -3250
 4067
 3202
 -7526
 2382
 -7484
 990
 2668
 -814
 -6926
 5538
 6470
 2757
 1192
 -488
 1149
 7237
 1719
 -7002
 -1012
 5219
 -3663
 4413
 -1246
 2184
 4220
 -7923
 4205
 5815
 -3707
 7624
 -3021
 -710
 -1852
 2140
 -2818
 7690
 -2439
 429
 -2951
 2669
 -6291
 4876
 3862
 -2039
 7028
 112
 -1140
 -5274
 -2964
 7464
 1622
 2012
 3344
 -5158
 2713
 5699
 924
 7064
 -4743
 -7006
 -1507
 -3102
 -3499
 -2434
 656
 5327
 2954
 -1139
 -4275
 -3254
 2134
 -274
 5607
 -3237
 -6535
 -2337
 186
 -215
 -875
 -4003
 -6543
 -7901
 -3066
 -7135
 -1998
 5258
 -836
 -4967
 3803
 -2282
 -3652
 -3329
 -1778
 6587
 -2081
 -4021
 2672
 -3337
 -5694
 3209
 2941
 -3882
 -6384
 -134
 -7930
 5188
 -4000
 -5138
 6805
 -1838
 3502
 4614
 -5419
 -6805
 -2963
 5189
 -4188
 3634
 -4777
 -763
 -977
 -4963
 -3981
 1637
 -3645
 -1835
 2967
 3265
 -5164
 -576
 25
 -1577
 -378
 -3356
 903
 -3710
 -1729
 1931
 -436
 650
 -159
 -3739
 3514
 -5097
 -5565
 4944
 2543
 -1882
 -7193
 115
 -3837
 -2541
 -2136
 6496
 -1697
 4009
 2924
 7622
 -4742
 4769
 3974
 -5589
 6494
 1085
 6111
 -2517
 6581
 -1419
 6973
 -5486
 1172
 3353
 -7709
 2816
 1485
 -1999
 945
 -477
 -1228
 6880
 -1331
 -4489
 -802
 4514
 -6947
 6933
 1695
 -2227
 -6361
 3709
 5285
 -1598
 -3416
 6850
 -1329
 3746
 -4472
 7113
 -1548
 -5353
 -5374
 -846
 1723
 -4966
 -2105
 6226
 -786
 -4078
 -3678
 6289
 -1445
 7689
 -4042
 -1727
 769
 3633
 -1684
 -5904
 6127
 -4534
 1741
 3550
 1981
 498
 3829
 189
 2336
 925
 4588
 -4926
 -7254
 -4134
 7811
 -4690
 4656
 224
 -6627
 835
 -5346
 4925
 -738
 -4239
 5169
 2159
 2778
 -398
 6823
 7142
 3137
 2113
 7705
 1401
 -7945
 1417
 7253
 -6563
 -3493
 6248
 -3258
 1640
 7792
 7824
 1318
 -4956
 2186
 -4478
 -6461
 -1525
 -1483
 5729
 2243
 -6416
 -3619
 -7391
 -7919
 -5633
 334
 2852
 5508
 -1161
 6083
 -991
 1697
 -7458
 6062
 3498
 -5243
 4548
 -2911
 -6081
 -689
 5702
 -2840
 7756
 -4167
 -137
 -3601
 -3210
 5985
 -3732
 -6417
 -409
 6512
 -1357
 -144
 6945
 -3388
 1191
 1755
 -6138
 7236
 2987
 -7437
 4108
 992
 3560
 -312
 -2987
 2970
 2813
 -5067
 4984
 5078
 7434
 1835
 -3433
 -7097
 -5985
 1465
 4130
 2531
 -7385
 -580
 6937
 7670
 -6203
 -3879
 1858
 -3188
 -4005
 -6477
 -853
 -5485
 5216
 1892
 1367
 4533
 1851
 7147
 -661
 5714
 3061
 1554
 253
 -1804
 5356
 1038
 -275
 -1628
 1195
 -4406
 7832
 1469
 -6173
 1953
 947
 -5784
 -5634
 -4512
 7184
 5786
 3095
 -4192
 6408
 -2410
 -3828
 1476
 -3597
 -7361
 7070
 1548
 -5295
 7332
 1817
 236
 1843
 -5389
 1766
 -2720
 7426
 -4411
 -4857
 73
 4556
 -6401
 -4090
 7051
 -1323
 -2476
 1187
 790
 -4938
 7076
 4909
 -3080
 6963
 7066
 5205
 7979
 -7161
 6101
 2603
 -3610
 5045
 -4477
 1258
 -1
 -851
 3449
 6493
 6510
 1299
 -2171
 -1306
 -4679
 1986
 3510
 -2465
 -7581
 2756
 3013
 -1248
 -4530
 4402
 -6791
 -5596
 214
 1998
 -5058
 5804
 5367
 -5765
 7164
 2094
 1069
 3297
 2665
 -5448
 -2432
 3312
 -2037
 7270
 2842
 -2785
 -2708
 -4769
 -7310
 -2163
 -809
 -1673
 7482
 -6544
 7649
 -24
 -3069
 -7164
 -589
 2573
 283
 -229
 2398
 -5795
 -1275
 7759
 -4716
 -1457
 -7960
 -5234
 3600
 -1962
 707
 -4226
 -6411
 7053
 1053
 -3450
 -3733
 5023
 -4062
 4530
 7596
 7502
 3616
 -3359
 -397
 -7490
 2266
 1726
 2424
 7206
 7967
 -1979
 6387
 -6570
 -4533
 965
 4146
 1928
 -4728
 6791
 2915
 898
 -3980
 -4761
 -5671
 -865
 -4779
 6752
 -3185
 -2307
 -469
 2885
 -291
 -1478
 4759
 -3358
 6978
 78
 -4989
 -7010
 1120
 -3525
 -5953
 2496
 1032
 -1657
 -5163
 721
 -2352
 -4548
 -2454
 -5302
 -855
 -1130
 5974
 1917
 -2153
 -4459
 -5859
 -4910
 -655
 1529
 3927
 4665
 -5217
 -4116
 2897
 -7757
 2145
 1139
 -1104
 7653
 2586
 3787
 -1662
 -604
 -4598
 7664
 -3245
 -5397
 -5878
 1230
 5296
 4422
 1424
 145
 -1839
 2802
 1983
 -883
 3457
 2257
 -4324
 -4338
 7974
 -3628
 4373
 1284
 4285
 4258
 -1083
 7601
 -208
 323
 -1008
 610
 4113
 846
 4001
 809
 820
 -6780
 521
 1982
 4879
 6885
 312
 -4951
 -555
 -7706
 -5331
 -1334
 -830
 389
 5853
 1955
 -7343
 4918
 -835
 -4215
 -7655
 70
 -713
 -6730
 -4040
 839
 4141
 -2091
 -6199
 -3426
 4883
 6595
 -5024
 5806
 4170
 6167
 -461
 1506
 -3391
 7259
 4172
 4679
 4749
 7810
 2024
 1019
 -5536
 4567
 7032
 -5830
 -2613
 6814
 -1724
 5997
 4509
 -4839
 -6340
 509
 6386
 2395
 -207
 6504
 -2842
 6914
 -5944
 4610
 3443
 2453
 5803
 5705
 4625
 4983
 320
 -1057
 2286
 -6425
 -615
 -5576
 -5752
 -3109
 297
 -358
 7940
 -5491
 485
 3285
 6781
 -1121
 -988
 -3557
 -2998
 -5112
 -4018
 -3279
 4619
 -6412
 -3389
 593
 3613
 -192
 -3158
 2447
 -4229
 5177
 -5910
 -6421
 -3937
 6120
 309
 -7200
 -7280
 900
 1535
 3811
 -4569
 -1502
 2041
 7009
 1945
 4560
 -4582
 4203
 3682
 3584
 7565
 -3988
 -2545
 -4079
 750
 6640
 -2427
 6030
 3331
 3942
 -69
 -2030
 7387
 500
 -3820
 -1984
 -4931
 378
 -4546
 1142
 -5807
 7285
 6479
 -4802
 -468
 6769
 -2381
 5405
 -4657
 -7073
 -6661
 -3240
 2211
 6
 5403
 -2380
 5882
 5810
 647
 -4697
 285
 -6381
 2410
 2171
 -7137
 -6430
 -492
 2443
 3158
 1073
 -1238
 -1822
 615
 7957
 7993
 -7225
 4145
 -3181
 3732
 -6768
 1177
 739
 1371
 -1980
 5069
 -2594
 -711
 1591
 -3333
 -3318
 4693
 -5239
 -7828
 -1789
 -4461
 -1048
 1264
 -7848
 858
 5325
 -3698
 2588
 -2497
 6495
 -6048
 4854
 4060
 -2365
 -6279
 5153
 5764
 6281
 -953
 5707
 3493
 -7309
 2196
 1980
 6331
 -2324
 7693
 5298
 -5909
 -3815
 -7725
 1397
 -178
 7908
 -640
 -4391
 -5497
 3112
 3253
 -6546
 5481
 -2562
 2272
 -1186
 4550
 -7550
 -6378
 -318
 -7554
 4742
 -3033
 -1082
 -2110
 -4009
 -103
 -5000
 6338
 -7646
 6632
 -872
 257
 -7798
 1890
 577
 -7583
 6332
 298
 2950
 6860
 5494
 217
 26
 -7667
 1128
 6593
 7998
 458
 -4691
 -558
 -1925
 4637
 -1150
 -104
 -4328
 -4280
 -2901
 -4093
 7186
 5652
 -1103
 4032
 6321
 4658
 -40
 1873
 3640
 -6756
 6943
 7103
 2630
 7158
 -5047
 3987
 5542
 7910
 -645
 416
 5485
 -2471
 -2363
 7474
 359
 5742
 -650
 -2027
 307
 4403
 -490
 -3176
 -2513
 6433
 -4300
 -4865
 3985
 5376
 665
 2510
 7096
 -670
 -2654
 -2871
 -2173
 -4473
 1219
 -3046
 6845
 4418
 -6887
 1861
 7581
 3006
 780
 2896
 168
 -2354
 -3712
 -2286
 3246
 -372
 1629
 5022
 -478
 2888
 -5084
 4600
 -5643
 1460
 6811
 1268
 5059
 -6086
 -5880
 -64
 5713
 7742
 7568
 -1623
 3211
 699
 5746
 830
 -5373
 1699
 685
 -3717
 841
 -3236
 3082
 5455
 2339
 3341
 6428
 6564
 6277
 4677
 -277
 2181
 -6435
 6268
 -2248
 -3111
 6775
 1686
 -1225
 2951
 2731
 1713
 -7622
 174
 -3961
 -7761
 -6876
 3005
 -1726
 3801
 3232
 4
 -969
 6936
 -5416
 -5928
 -6304
 -4553
 1660
 4021
 625
 -7769
 4566
 -1646
 -3927
 -1636
 -2822
 -1322
 2782
 1993
 7632
 -7656
 2966
 4631
 -2680
 -3136
 3409
 7138
 3875
 659
 -3932
 7125
 -879
 3133
 -3242
 4463
 -7551
 -4853
 -3286
 578
 -6219
 639
 1963
 6099
 3860
 -3488
 -6041
 -5498
 6315
 -37
 535
 -1813
 1964
 3855
 -827
 -1393
 4357
 6747
 -7347
 5749
 3335
 -3941
 5726
 5525
 -1241
 406
 -4655
 -7793
 -7605
 -6282
 4947
 3908
 4701
 -2582
 3534
 -5788
 5603
 -3832
 6020
 7586
 -7870
 -5462
 6322
 -4037
 5147
 -6992
 -2817
 -3580
 -3003
 -7631
 4320
 1975
 -7051
 -952
 -3301
 2606
 7714
 -5918
 1872
 6730
 -2217
 962
 5539
 -4061
 -6979
 -2071
 4954
 2040
 7972
 -6911
 5015
 2210
 -6848
 -5489
 -652
 7977
 5171
 5768
 1546
 2612
 7161
 1925
 5314
 6166
 -6529
 -5588
 -4244
 -2482
 -2115
 -4827
 65
 -1216
 7673
 1188
 -4766
 1565
 -2535
 -1396
 7935
 -6602
 -643
 -7131
 2141
 5484
 6456
 5477
 1559
 5193
 -7854
 2023
 -1585
 -6789
 -4336
 -3809
 -1125
 6175
 -2311
 5120
 -7627
 -1968
 7359
 -7215
 -4303
 676
 -2952
 3116
 -7736
 4270
 -2537
 -6920
 -2527
 468
 -3113
 -7701
 4811
 4568
 7791
 1735
 1505
 3321
 6921
 7429
 3049
 -3252
 -2016
 618
 5727
 3967
 627
 3237
 3113
 5215
 5724
 -6919
 -5477
 504
 -5052
 -2358
 7730
 5654
 -6094
 -3059
 -4430
 1298
 -962
 438
 -7799
 771
 -6015
 -3874
 4553
 -4020
 5796
 4581
 6412
 6548
 -5893
 -1437
 -533
 2725
 -3578
 1184
 796
 -7029
 -1236
 -1861
 1376
 -6900
 -772
 1420
 -2734
 -7877
 -2154
 -6020
 -4656
 -6278
 6263
 -5137
 -4320
 -4712
 3603
 4846
 -5150
 -7373
 -3724
 3190
 2875
 -3688
 3207
 -6607
 2029
 1304
 213
 -7595
 -487
 7843
 -7197
 2000
 4443
 2798
 5516
 6794
 -6184
 -1074
 2773
 -6809
 714
 -6970
 4907
 -4334
 6763
 -3168
 6146
 2763
 7263
 -7476
 6858
 1178
 4363
 5065
 4932
 1788
 975
 -2314
 -4658
 -2748
 259
 -3288
 2400
 7422
 6957
 -6687
 7148
 4503
 -2366
 -1493
 -5756
 4670
 -5270
 -4050
 7278
 6989
 3872
 -6213
 3676
 1487
 -799
 710
 -3522
 -2451
 7416
 4592
 -1133
 -6931
 -2764
 -3553
 -6668
 -1240
 -929
 2127
 6594
 40
 3352
 3969
 -6811
 -3110
 -5208
 5316
 -5611
 4201
 -2291
 -6706
 3089
 -4198
 3104
 -6558
 2537
 6237
 4989
 -2359
 1649
 986
 7877
 1196
 964
 2201
 4652
 5183
 1206
 4957
 -7685
 -4583
 6002
 -876
 5627
 -4174
 3486
 3818
 -6293
 2921
 4952
 1783
 163
 5696
 -2795
 -1286
 -7652
 -3304
 -7990
 3710
 -2754
 4993
 725
 -4094
 -1137
 -1159
 -1539
 -2703
 -2257
 -3241
 5551
 -5471
 -7298
 -4014
 2226
 -2003
 7118
 7687
 -3081
 -5567
 -2776
 2972
 -3636
 7110
 -479
 7314
 2427
 -607
 5172
 -6657
 -839
 5934
 5993
 5852
 -1143
 -2944
 -1574
 7183
 2096
 -748
 2390
 754
 -3189
 -1753
 -2803
 7575
 -7101
 5632
 3546
 -5304
 2953
 4960
 -7296
 -3457
 1060
 -1745
 -1120
 5745
 -4674
 525
 -593
 -660
 5563
 5939
 -332
 4412
 -1798
 1556
 7817
 -7049
 -3502
 -6436
 3763
 -2965
 7190
 -204
 -6250
 -6539
 -4439
 -1366
 -1067
 -5453
 1947
 4291
 6625
 7506
 -1658
 -6165
 -7067
 2411
 -7991
 619
 -1498
 1161
 2401
 -4254
 101
 -3903
 7560
 3984
 4777
 6741
 1584
 -1141
 -4257
 -2959
 1477
 7137
 -1952
 1363
 1083
 3602
 2601
 -6899
 3454
 -5367
 7409
 -5261
 -2900
 2978
 7735
 -522
 -4030
 1995
 1229
 4951
 3135
 -6989
 5608
 6552
 3145
 -5015
 718
 -571
 5174
 7345
 -5148
 -3674
 -5224
 -4177
 -3780
 -3339
 4646
 -908
 -7944
 -4668
 2277
 -2595
 567
 2439
 -5321
 -4356
 4590
 -7650
 494
 -6541
 3895
 -5573
 3657
 1544
 -5327
 4624
 -7014
 1960
 -5820
 -4054
 -3350
 2878
 -7308
 2101
 -3132
 247
 -7000
 7299
 -4924
 346
 -2846
 5479
 -712
 -2328
 4400
 152
 536
 -6428
 -878
 -3331
 -3714
 -3231
 -7691
 921
 4991
 2345
 -6008
 2128
 4319
 -5076
 6485
 7825
 -3784
 228
 -3314
 -288
 2173
 2801
 7723
 4618
 -663
 37
 -163
 -2296
 -800
 6606
 -2540
 6833
 396
 -5617
 2035
 -5563
 4505
 -2479
 1030
 4818
 -1869
 2505
 5698
 -2236
 -6976
 -541
 -368
 4120
 2660
 -29
 -1702
 -6238
 -5292
 3900
 5722
 1631
 -5518
 -196
 3437
 -6256
 6591
 6970
 -6323
 -7210
 -6119
 -242
 -6652
 1764
 -4045
 5990
 -428
 -6002
 7692
 4606
 -6413
 7068
 3590
 -2872
 -2807
 -976
 3863
 -2114
 -5433
 4968
 7893
 -7482
 -5800
 1635
 4119
 -5824
 3021
 -7364
 -4217
 -2984
 3996
 2621
 1533
 -7160
 -3263
 2522
 -6329
 1133
 -4913
 -3621
 5960
 6363
 2740
 3075
 -3302
 6220
 6839
 2981
 3206
 -1040
 -5179
 7189
 3588
 5675
 2600
 227
 5200
 -5774
 3610
 5948
 1988
 -7290
 -2574
 -1736
 -873
 -2659
 7154
 5679
 -5221
 7166
 2493
 2557
 -7767
 -771
 156
 -121
 -2801
 683
 5900
 -2460
 -1343
 5755
 -6024
 -473
 -4016
 -1064
 -4052
 -1501
 -7860
 6583
 7398
 -6434
 -7788
 2905
 2330
 -1126
 3975
 3356
 3944
 997
 -5090
 -3540
 449
 -6721
 4995
 1457
 4283
 7557
 7797
 195
 -3427
 -7060
 7356
 -3893
 -5381
 1978
 -1305
 4284
 2206
 -2470
 -4797
 5529
 4611
 5500
 -754
 -6680
 -737
 -2239
 3805
 5566
 -2501
 493
 -1932
 -6075
 6037
 -3164
 -654
 -4115
 6119
 -5816
 -820
 7971
 5571
 -476
 -187
 3098
 1328
 5161
 -1278
 -5087
 1525
 -4892
 -7154
 -279
 7296
 2225
 7904
 -4173
 7467
 -5781
 6306
 -5193
 1055
 7719
 3425
 1343
 1452
 5973
 -3453
 -3092
 4362
 5246
 -3134
 -5986
 -3778
 -4936
 3
 -4796
 5797
 -4026
 3795
 -7541
 -726
 7312
 -3012
 -482
 2122
 2234
 -6117
 3845
 225
 7512
 -5434
 4226
 3612
 -2521
 -3524
 3179
 -2253
 1275
 5408
 -7566
 7234
 3515
 -6729
 -7425
 -892
 -2610
 -6228
 -6977
 -7598
 5273
 5681
 4629
 2640
 208
 -1853
 -7856
 5011
 -6689
 4114
 -5956
 -6802
 -1149
 1826
 7217
 2131
 -1234
 7380
 -7413
 886
 6411
 -3155
 -7314
 1601
 -954
 -7478
 -5544
 -7330
 -4833
 -631
 4746
 -765
 3299
 -2631
 -812
 -5372
 -3220
 -1710
 4571
 -272
 2183
 7124
 -1594
 7934
 3431
 -2113
 705
 -254
 1392
 -263
 6008
 4369
 7751
 -3907
 -1013
 -298
 7015
 7197
 -6333
 -7596
 -1265
 -3577
 948
 -5962
 -2830
 -1678
 4089
 3234
 -6808
 -1376
 -5777
 3566
 3459
 -4316
 7894
 6276
 1973
 -6069
 2270
 -773
 3595
 -6783
 2010
 4223
 -7888
 3535
 465
 -3011
 874
 -1098
 2008
 4702
 -2821
 2833
 560
 -5200
 -6722
 3124
 71
 -6062
 -707
 3106
 905
 -6801
 1961
 -7770
 2262
 7829
 -549
 4948
 -1136
 6001
 -1336
 4667
 -5556
 5685
 -3351
 7861
 -6101
 -2855
 -4231
 -2506
 -4610
 4016
 5345
 6768
 -1405
 1957
 -776
 -7038
 -5284
 7899
 -6400
 6954
 -2055
 6678
 1046
 -311
 4928
 -4421
 -7957
 -817
 7374
 300
 3138
 7462
 4165
 -4714
 2769
 -6405
 3653
 -7061
 2753
 7069
 -2431
 1314
 -1313
 -6085
 4139
 5021
 1160
 4891
 218
 4118
 -5685
 -4626
 5951
 3920
 -4618
 3886
 -6937
 -7485
 5389
 -3313
 5420
 2361
 -2704
 2472
 600
 -7865
 1359
 -1792
 -3170
 -5481
 6518
 -6820
 7048
 3953
 -5947
 4912
 -3917
 -7603
 -6348
 -1972
 240
 4266
 -3463
 -3422
 843
 1718
 5663
 -4915
 -5213
 -3297
 1105
 -2474
 5222
 -1122
 518
 -6006
 -7181
 6604
 -7996
 2445
 -2495
 -60
 -266
 -4277
 7104
 3417
 4244
 -6451
 -3956
 -5326
 -7306
 -7645
 5779
 6844
 -1765
 -4362
 -46
 -3421
 -3274
 -1231
 -6016
 -1092
 -2567
 -2682
 -6355
 -3959
 -3018
 -2889
 -5906
 5416
 151
 471
 7681
 3054
 1423
 859
 558
 -5801
 5905
 -3485
 6489
 -5686
 4274
 -7638
 6900
 6304
 7914
 -7802
 3506
 6059
 -646
 7516
 -5279
 -2400
 934
 -4633
 3279
 -2979
 -7460
 -6955
 -4669
 -2512
 -1209
 4603
 -6344
 -7641
 6533
 -5439
 -4703
 -4863
 -7157
 -3492
 -5092
 -623
 7316
 -592
 1943
 5289
 -5860
 1170
 -6910
 -1566
 4469
 -4788
 -4738
 6003
 7594
 -7810
 2766
 -4689
 -4
 -1262
 7126
 696
 -7673
 -4895
 5614
 2677
 6113
 4839
 2070
 -1116
 -2127
 2018
 -1747
 -4749
 6922
 2296
 3904
 -52
 -2740
 -6742
 7306
 -7836
 -7579
 -2469
 3029
 5310
 -2106
 5834
 1163
 -6879
 -4209
 6227
 -6562
 6004
 5801
 -1927
 -2607
 -7654
 3324
 7488
 -320
 1143
 -5096
 6665
 7969
 -3379
 5202
 -5222
 -1284
 1949
 -4601
 5199
 1705
 5112
 -1109
 6239
 -5352
 -4866
 -2548
 -2662
 3825
 -4798
 6474
 2760
 -1347
 2327
 -1404
 7771
 -3563
 -7083
 -2022
 -2647
 -6618
 -50
 -3183
 -1239
 2247
 -3390
 -3973
 -6290
 7155
 -5515
 3094
 1440
 439
 -5587
 1113
 1233
 5176
 2273
 -2095
 3466
 5337
 1415
 -6942
 1864
 -7153
 -1547
 -4709
 435
 2818
 -2816
 1005
 5451
 -1966
 4838
 -1669
 4884
 2583
 1492
 -1750
 -6677
 5700
 -7483
 5645
 5293
 -1245
 5835
 7609
 -122
 -4017
 -1738
 -6788
 4234
 4786
 -2653
 -1054
 5836
 5642
 -156
 3354
 -7894
 -5837
 -2879
 -222
 6685
 7246
 7450
 -7756
 -3108
 3413
 6339
 856
 -1559
 488
 2393
 -746
 6088
 4875
 -7648
 -4055
 -1515
 -6834
 -1249
 4003
 -2441
 7100
 1679
 4206
 -5207
 5789
 -1851
 7992
 -7881
 3687
 -1107
 -1276
 3108
 1014
 -6482
 203
 -2941
 2425
 3442
 -1665
 3820
 1690
 4392
 -6773
 1795
 4315
 1762
 -1743
 -1785
 -1903
 3184
 7848
 -4551
 6500
 4239
 3580
 6653
 6856
 831
 4589
 -7114
 -5979
 6520
 -2060
 5613
 -2627
 -3725
 2927
 2968
 -4396
 604
 5751
 5433
 -6352
 -1643
 6140
 -1192
 -7105
 1782
 -6894
 7038
 -6341
 -176
 3656
 -1424
 -7459
 3568
 -1423
 -2433
 633
 2357
 -1162
 -1921
 -166
 3389
 3725
 882
 6509
 -1181
 5102
 7407
 1626
 -4288
 -5900
 6033
 5417
 -3909
 1932
 413
 4688
 7634
 -644
 5138
 1950
 3258
 -7785
 5035
 -6508
 2110
 7420
 -5690
 4246
 -4352
 -7064
 -4023
 -4496
 -3196
 -6478
 4330
 -3141
 -270
 1837
 -904
 -5225
 -967
 5148
 3482
 4306
 -816
 -6455
 -326
 -2242
 -6898
 -4237
 -7572
 7000
 -4027
 -717
 -1174
 2958
 5194
 6793
 6249
 -6441
 466
 3302
 -7878
 3400
 -3872
 2579
 -5844
 1642
 7554
 7941
 -3401
 4200
 6573
 -925
 -4033
 -26
 -3860
 5097
 4437
 -3967
 5170
 2164
 5039
 -4019
 -4323
 -6952
 453
 -2389
 -7198
 -1524
 5209
 -2616
 -5172
 -5064
 -5826
 3950
 -6608
 -5066
 -5452
 4125
 -6191
 5359
 -582
 3427
 -5303
 -236
 -4561
 3074
 6670
 6006
 3828
 -3940
 3463
 4126
 7322
 -261
 5072
 3212
 -628
 7983
 -6091
 -1987
 -3570
 5511
 -3191
 -3464
 -3442
 -253
 4557
 -7782
 -2657
 4116
 -7089
 1448
 3198
 4353
 -3106
 -4306
 2755
 7867
 4051
 207
 2456
 5380
 -3227
 1952
 -3276
 -1735
 -3343
 372
 922
 -483
 -2629
 -363
 6940
 1874
 -6852
 807
 7095
 2532
 -2892
 1876
 4705
 436
 2437
 3003
 -7832
 -3647
 -6632
 -6861
 -6178
 -53
 5394
 7056
 364
 -3178
 2920
 -5141
 5878
 4439
 7112
 -639
 -7378
 6196
 -4125
 1934
 -7918
 -5340
 -2347
 -5151
 -566
 4792
 -909
 1930
 33
 2752
 6255
 5668
 -111
 -5415
 4070
 7004
 -6316
 6438
 2622
 -7224
 7023
 6081
 3621
 -5085
 -440
 1427
 5759
 6159
 -1237
 -5379
 3579
 -3171
 2762
 7763
 4288
 -5301
 -5776
 -1413
 -5418
 2351
 277
 -119
 1286
 7748
 -6625
 478
 -1677
 4015
 -1195
 1306
 5757
 3492
 4655
 7733
 -3395
 -5940
 7369
 7321
 -1761
 5576
 -3005
 871
 1486
 966
 3305
 -5609
 -4510
 -7320
 198
 -1618
 -6466
 6539
 -7649
 -1609
 2653
 6883
 -2360
 282
 -2721
 -80
 1290
 -5992
 1297
 -944
 4791
 4622
 -181
 6407
 1223
 -6683
 5587
 7262
 7666
 -7688
 1797
 1466
 7133
 -1088
 3781
 -2694
 896
 7807
 2471
 -4630
 -2811
 6502
 -486
 4290
 4076
 4472
 -243
 -4809
 3599
 6359
 7646
 -4032
 6631
 -2042
 -7394
 2258
 -4223
 -493
 5545
 6617
 5442
 3617
 -2867
 5504
 -6823
 -5758
 -5729
 5179
 -727
 5827
 -3747
 -6590
 -5046
 7688
 4479
 -6816
 7302
 -7028
 -5074
 804
 1785
 -2310
 1689
 -7120
 -3153
 2822
 -1836
 3521
 660
 -294
 -4752
 3856
 -7119
 1902
 7439
 -7174
 -141
 7694
 -3352
 2748
 6181
 7461
 4035
 370
 -1601
 -4118
 -5757
 -1732
 7927
 -2679
 6534
 -296
 6425
 -430
 -4305
 -481
 -7136
 1549
 6728
 -3673
 4599
 3416
 -5996
 -5868
 -6362
 -2222
 -382
 -4175
 6815
 4231
 -175
 2157
 -844
 -1394
 5459
 -1829
 -446
 -5229
 1650
 1734
 100
 -2438
 -2174
 226
 -1740
 3922
 2617
 -692
 6029
 -4029
 58
 -6888
 -2484
 -7032
 7267
 -2325
 -2854
 450
 5422
 -3182
 -7726
 -2504
 -3933
 -2326
 -5968
 7386
 944
 628
 5091
 1013
 961
 142
 -7521
 5671
 3891
 -4154
 -172
 -2321
 7621
 6429
 2333
 -3528
 7876
 -405
 -3782
 -3963
 -7004
 -5547
 7854
 4585
 5720
 -7682
 1273
 811
 7079
 4959
 -2411
 6656
 5868
 1394
 -2640
 1317
 713
 6353
 6602
 -6533
 1484
 -1021
 260
 -5478
 7375
 -6959
 6598
 3575
 -7230
 502
 4781
 -1698
 -5443
 1803
 -1648
 4574
 -3569
 -4304
 -5531
 4964
 -7935
 -5982
 -922
 2541
 6721
 4078
 -1268
 -6991
 -4326
 1796
 6790
 1136
 496
 -4249
 -1693
 -5668
 -3834
 -6635
 -5941
 1691
 -1407
 -7212
 3945
 598
